mug  grasp_0 data  
% [object, grasp_type, weight, mass, density, cx, cy, cz, gx, gy, gz, x_0, y_0, z_0, r_1, h, w, de, r_2, r_3, a, b, c, d, v, left_hand_synergy_joint,  sinergy_joint_error, left_hand_index_abd_joint, left_hand_index_inner_joint, left_hand_index_middle_joint,  left_hand_index_outer_joint,  left_hand_little_abd_joint, left_hand_little_inner_joint,  left_hand_little_middle_joint,  left_hand_little_outer_joint,  left_hand_middle_abd_joint, left_hand_middle_inner_joint,  left_hand_middle_middle_joint,  left_hand_middle_outer_joint,  left_hand_ring_abd_joint, left_hand_ring_inner_joint,  left_hand_ring_middle_joint,  left_hand_ring_outer_joint , left_hand_thumb_abd_joint, left_hand_thumb_inner_joint,  left_hand_thumb_outer_joint, fx, fy, fz, tx, ty, tz]
pot grasp_0 31.8773 3.3747 16914.8 0.304494 -0.135339 0.277345 -0.11275 5.91865 -3.021040.0143393 -0.00844985 0.221326 0.0175746 0 0 0 0.0761877 0.0472809 0 0 0 0 0.000198662 0.900035 1.411e-07 -0.0882491 -8.10711e-05 0.785837 0.785458 -0.0168956 -9.8186e-05 0.786775 0.78425 -0.0629732 5.70295e-05 0.741882 0.787757 -0.0281785 -4.73388e-05 0.785431 0.785723 0.0342408 0.0155126 0.625827 -30.0271 10.4836 -27.323 6.75826 15.4446 0.0019686
pot grasp_0 31.8773 3.3747 16914.8 0.304494 -0.135339 0.277345 -0.11275 5.91865 -3.021040.0143393 -0.00844985 0.221326 0.0175746 0 0 0 0.0761877 0.0472809 0 0 0 0 0.000198662 0.900035 1.411e-07 -0.0882491 -8.10711e-05 0.785837 0.785458 -0.0168956 -9.8186e-05 0.786775 0.78425 -0.0629732 5.70295e-05 0.741882 0.787757 -0.0281785 -4.73388e-05 0.785431 0.785723 0.0342408 0.0155126 0.625827 -30.0271 10.4836 -27.323 6.75826 15.4446 0.0019686
pot grasp_0 25.6686 0.848984 4417.05 0.343902 0.0306262 0.264584 9.7486 -6.13424 -1.437540.0142326 -0.00976552 0.221413 0.0175782 0 0 0 0.0749594 0.0465883 0 0 0 0 0.000192098 0.899985 7.91495e-08 -0.271438 -7.23361e-05 0.786492 0.785417 -0.139826 -0.000117206 0.785437 0.785083 -0.237155 3.45055e-05 0.765344 0.787928 -0.0223712 -2.13029e-05 0.785474 0.785715 0.0263811 0.0252461 0.623673 -18.4265 4.92594 -23.124 4.69345 10.7746 0.0294503
pot grasp_0 25.6686 0.848984 4417.05 0.343902 0.0306262 0.264584 9.7486 -6.13424 -1.437540.0142326 -0.00976552 0.221413 0.0175782 0 0 0 0.0749594 0.0465883 0 0 0 0 0.000192098 0.899985 7.91495e-08 -0.271438 -7.23361e-05 0.786492 0.785417 -0.139826 -0.000117206 0.785437 0.785083 -0.237155 3.45055e-05 0.765344 0.787928 -0.0223712 -2.13029e-05 0.785474 0.785715 0.0263811 0.0252461 0.623673 -18.4265 4.92594 -23.124 4.69345 10.7746 0.0294503
pot grasp_0 23.8118 0.63236 3289.06 0.242501 0.0293353 0.263132 -0.418254 -15.0832 -2.752190.0142588 -0.00980321 0.220971 0.0175822 0 0 0 0.0745305 0.0465072 0 0 0 0 0.000192257 0.899985 8.79315e-08 -0.299959 7.38414e-06 0.786455 0.785408 -0.147546 -1.79204e-05 0.785604 0.785428 -0.247609 4.08226e-05 0.763701 0.787913 -0.0229153 -2.15416e-05 0.785494 0.785558 0.0288426 0.0271051 0.626728 -17.7003 8.87036 -24.3136 6.3472 13.6732 0.0041096
pot grasp_0 23.8118 0.63236 3289.06 0.242501 0.0293353 0.263132 -0.418254 -15.0832 -2.752190.0142588 -0.00980321 0.220971 0.0175822 0 0 0 0.0745305 0.0465072 0 0 0 0 0.000192257 0.899985 8.79315e-08 -0.299959 7.38414e-06 0.786455 0.785408 -0.147546 -1.79204e-05 0.785604 0.785428 -0.247609 4.08226e-05 0.763701 0.787913 -0.0229153 -2.15416e-05 0.785494 0.785558 0.0288426 0.0271051 0.626728 -17.7003 8.87036 -24.3136 6.3472 13.6732 0.0041096
pot grasp_0 5.00011 0.69812 3639.52 0.270922 0.0402905 0.247926 9.75307 -0.214978 -0.1842530.014274 -0.00969002 0.22074 0.0175851 0 0 0 0.0743413 0.0466704 0 0 0 0 0.000191892 0.899985 5.16855e-08 -0.315346 -5.58517e-06 0.785603 0.785403 -0.142552 -3.2396e-05 0.785433 0.785461 -0.247619 3.11444e-05 0.765629 0.787918 -0.0204374 -3.43208e-05 0.785417 0.785591 0.0197207 0.0383244 0.620871 1.89737 1.08502 -5.97745 0.452148 0.571177 0.00264976
pot grasp_0 5.00011 0.69812 3639.52 0.270922 0.0402905 0.247926 9.75307 -0.214978 -0.1842530.014274 -0.00969002 0.22074 0.0175851 0 0 0 0.0743413 0.0466704 0 0 0 0 0.000191892 0.899985 5.16855e-08 -0.315346 -5.58517e-06 0.785603 0.785403 -0.142552 -3.2396e-05 0.785433 0.785461 -0.247619 3.11444e-05 0.765629 0.787918 -0.0204374 -3.43208e-05 0.785417 0.785591 0.0197207 0.0383244 0.620871 1.89737 1.08502 -5.97745 0.452148 0.571177 0.00264976
pot grasp_0 28.0178 0.765472 4093.61 0.300654 -0.155273 0.676245 0.605279 -13.7042 -3.408440.0142817 -0.0117162 0.22053 0.0176748 0 0 0 0.0727543 0.0463763 0 0 0 0 0.00018696 0.89998 1.02592e-07 -0.52363 -7.20062e-06 0.785516 0.785456 -0.375542 -5.86085e-06 0.788209 0.785197 -0.34616 -3.82934e-05 0.753178 0.785428 -0.0274198 -2.48727e-05 0.785722 0.785398 0.0305688 0.0098107 0.600958 -10.6852 18.228 -26.4314 7.10004 12.9317 0.00380919
pot grasp_0 28.0178 0.765472 4093.61 0.300654 -0.155273 0.676245 0.605279 -13.7042 -3.408440.0142817 -0.0117162 0.22053 0.0176748 0 0 0 0.0727543 0.0463763 0 0 0 0 0.00018696 0.89998 1.02592e-07 -0.52363 -7.20062e-06 0.785516 0.785456 -0.375542 -5.86085e-06 0.788209 0.785197 -0.34616 -3.82934e-05 0.753178 0.785428 -0.0274198 -2.48727e-05 0.785722 0.785398 0.0305688 0.0098107 0.600958 -10.6852 18.228 -26.4314 7.10004 12.9317 0.00380919
pot grasp_0 16.9414 0.179788 965.962 0.0122295 -0.632276 0.585948 -0.648029 -10.4684 -2.751520.0143283 -0.0120965 0.220011 0.0177512 0 0 0 0.0713644 0.0467874 0 0 0 0 0.000186487 0.89998 1.14621e-07 -0.523624 6.20627e-06 0.785485 0.785424 -0.441294 4.28778e-06 0.785414 0.785414 -0.341403 -4.09596e-05 0.739033 0.785428 -0.0083395 -3.36636e-05 0.785442 0.785393 0.0417 0.0215786 0.635479 -11.7335 7.91436 -18.053 5.81502 12.1537 -0.0110881
pot grasp_0 16.9414 0.179788 965.962 0.0122295 -0.632276 0.585948 -0.648029 -10.4684 -2.751520.0143283 -0.0120965 0.220011 0.0177512 0 0 0 0.0713644 0.0467874 0 0 0 0 0.000186487 0.89998 1.14621e-07 -0.523624 6.20627e-06 0.785485 0.785424 -0.441294 4.28778e-06 0.785414 0.785414 -0.341403 -4.09596e-05 0.739033 0.785428 -0.0083395 -3.36636e-05 0.785442 0.785393 0.0417 0.0215786 0.635479 -11.7335 7.91436 -18.053 5.81502 12.1537 -0.0110881
pot grasp_0 1.38987 0.272261 1457.4 0.226863 -0.429654 0.395238 6.75063 -1.17645 0.607580.014318 -0.0115881 0.219988 0.0176516 0 0 0 0.0722067 0.0465084 0 0 0 0 0.000186577 0.89998 9.07962e-08 -0.52361 5.65642e-06 0.785974 0.785416 -0.454363 -3.16871e-05 0.785391 0.78551 -0.335606 -3.69603e-05 0.764985 0.785429 0.0242965 -3.53541e-05 0.785488 0.745406 0.0502657 0.0295793 0.633509 4.08241 0.115475 2.40506 0.289223 0.403197 -0.0029662
pot grasp_0 1.38987 0.272261 1457.4 0.226863 -0.429654 0.395238 6.75063 -1.17645 0.607580.014318 -0.0115881 0.219988 0.0176516 0 0 0 0.0722067 0.0465084 0 0 0 0 0.000186577 0.89998 9.07962e-08 -0.52361 5.65642e-06 0.785974 0.785416 -0.454363 -3.16871e-05 0.785391 0.78551 -0.335606 -3.69603e-05 0.764985 0.785429 0.0242965 -3.53541e-05 0.785488 0.745406 0.0502657 0.0295793 0.633509 4.08241 0.115475 2.40506 0.289223 0.403197 -0.0029662
pot grasp_0 21.9103 0.205819 1119.32 0.051347 -0.781572 0.490649 8.65874 4.44082 -0.4022110.0142344 -0.0118398 0.219941 0.0176562 0 0 0 0.070965 0.0467935 0 0 0 0 0.000183987 0.89998 1.66221e-07 -0.523625 -5.273e-05 0.785575 0.785434 -0.468587 -1.45191e-05 0.786178 0.785159 -0.338371 -3.86463e-05 0.75883 0.78543 0.0133146 2.0842e-06 0.78545 0.78539 0.000614047 0.0499593 0.633529 -14.7755 13.0848 -21.6208 5.69994 11.1725 -0.00926696
pot grasp_0 21.9103 0.205819 1119.32 0.051347 -0.781572 0.490649 8.65874 4.44082 -0.4022110.0142344 -0.0118398 0.219941 0.0176562 0 0 0 0.070965 0.0467935 0 0 0 0 0.000183987 0.89998 1.66221e-07 -0.523625 -5.273e-05 0.785575 0.785434 -0.468587 -1.45191e-05 0.786178 0.785159 -0.338371 -3.86463e-05 0.75883 0.78543 0.0133146 2.0842e-06 0.78545 0.78539 0.000614047 0.0499593 0.633529 -14.7755 13.0848 -21.6208 5.69994 11.1725 -0.00926696
pot grasp_0 21.9895 0.317428 1730.85 0.164424 -0.34654 0.533348 -1.43813 1.31592 -2.687920.0141807 -0.0119387 0.219788 0.0175945 0 0 0 0.0710755 0.0467764 0 0 0 0 0.000183112 0.899979 1.16749e-07 -0.523626 6.52774e-06 0.786172 0.785349 -0.485592 -1.58495e-05 0.785411 0.785471 -0.34384 -4.42471e-05 0.763613 0.78543 0.00839697 -2.8711e-05 0.785902 0.785391 0.000694473 0.0496629 0.633479 -17.4114 11.5411 -20.7801 6.54169 13.6643 0.0228905
pot grasp_0 21.9895 0.317428 1730.85 0.164424 -0.34654 0.533348 -1.43813 1.31592 -2.687920.0141807 -0.0119387 0.219788 0.0175945 0 0 0 0.0710755 0.0467764 0 0 0 0 0.000183112 0.899979 1.16749e-07 -0.523626 6.52774e-06 0.786172 0.785349 -0.485592 -1.58495e-05 0.785411 0.785471 -0.34384 -4.42471e-05 0.763613 0.78543 0.00839697 -2.8711e-05 0.785902 0.785391 0.000694473 0.0496629 0.633479 -17.4114 11.5411 -20.7801 6.54169 13.6643 0.0228905
pot grasp_0 4.85998 0.42191 2306.15 0.15185 -0.285223 0.531677 9.87702 -0.24492 -0.1146210.0141758 -0.0118828 0.219793 0.0175822 0 0 0 0.071075 0.0465662 0 0 0 0 0.000183009 0.89998 1.80354e-07 -0.523622 -8.38849e-06 0.785462 0.785407 -0.494253 -5.74063e-06 0.786291 0.785221 -0.340679 -3.57112e-05 0.771798 0.78543 0.011689 2.44425e-05 0.785795 0.785433 0.000668348 0.0523129 0.63213 1.57645 8.96368 -6.02021 1.14863 0.576945 0.00257531
pot grasp_0 4.85998 0.42191 2306.15 0.15185 -0.285223 0.531677 9.87702 -0.24492 -0.1146210.0141758 -0.0118828 0.219793 0.0175822 0 0 0 0.071075 0.0465662 0 0 0 0 0.000183009 0.89998 1.80354e-07 -0.523622 -8.38849e-06 0.785462 0.785407 -0.494253 -5.74063e-06 0.786291 0.785221 -0.340679 -3.57112e-05 0.771798 0.78543 0.011689 2.44425e-05 0.785795 0.785433 0.000668348 0.0523129 0.63213 1.57645 8.96368 -6.02021 1.14863 0.576945 0.00257531
pot grasp_0 23.708 0.360045 1975.8 0.210579 -0.245032 0.53667 10.0083 1.81179 -1.297120.0141654 -0.0118636 0.219863 0.0175791 0 0 0 0.0710227 0.0465444 0 0 0 0 0.000182765 0.899979 1.43708e-07 -0.523626 -3.86406e-05 0.785754 0.785471 -0.503941 -4.18816e-06 0.785534 0.785445 -0.339048 3.31362e-05 0.773249 0.78543 0.0114495 -4.63e-06 0.785711 0.785409 0.000622851 0.0536862 0.633355 -19.5223 13.4233 -23.2537 5.68652 11.5154 0.0105991
pot grasp_0 23.708 0.360045 1975.8 0.210579 -0.245032 0.53667 10.0083 1.81179 -1.297120.0141654 -0.0118636 0.219863 0.0175791 0 0 0 0.0710227 0.0465444 0 0 0 0 0.000182765 0.899979 1.43708e-07 -0.523626 -3.86406e-05 0.785754 0.785471 -0.503941 -4.18816e-06 0.785534 0.785445 -0.339048 3.31362e-05 0.773249 0.78543 0.0114495 -4.63e-06 0.785711 0.785409 0.000622851 0.0536862 0.633355 -19.5223 13.4233 -23.2537 5.68652 11.5154 0.0105991
pot grasp_0 28.4625 0.358604 1963.21 0.19963 -0.220221 0.529155 -0.923297 -9.46966 -2.497820.0141661 -0.0119858 0.219946 0.0175792 0 0 0 0.0706169 0.0465261 0 0 0 0 0.000182656 0.89998 1.54115e-07 -0.523622 -4.12999e-05 0.785782 0.785415 -0.52363 -5.55068e-05 0.785438 0.784914 -0.342121 4.38908e-05 0.77259 0.786246 0.00752907 -7.71654e-05 0.785431 0.785401 0.000691791 0.0530251 0.633771 -21.5155 14.9714 -20.4155 7.17468 14.7023 0.00794939
pot grasp_0 28.4625 0.358604 1963.21 0.19963 -0.220221 0.529155 -0.923297 -9.46966 -2.497820.0141661 -0.0119858 0.219946 0.0175792 0 0 0 0.0706169 0.0465261 0 0 0 0 0.000182656 0.89998 1.54115e-07 -0.523622 -4.12999e-05 0.785782 0.785415 -0.52363 -5.55068e-05 0.785438 0.784914 -0.342121 4.38908e-05 0.77259 0.786246 0.00752907 -7.71654e-05 0.785431 0.785401 0.000691791 0.0530251 0.633771 -21.5155 14.9714 -20.4155 7.17468 14.7023 0.00794939
pot grasp_0 7.74829 0.406115 2233.05 0.207887 -0.202203 0.507261 7.62497 -0.297653 -0.3619430.0141642 -0.0119783 0.219557 0.0175788 0 0 0 0.0705179 0.0466395 0 0 0 0 0.000182802 0.89998 1.47943e-07 -0.523618 -4.66591e-05 0.785776 0.785425 -0.523627 -1.69499e-05 0.786009 0.784882 -0.336383 -4.0871e-05 0.773179 0.78543 0.0123751 -8.59783e-05 0.785452 0.785435 0.000689405 0.0565833 0.632784 -1.05104 10.5153 -6.73289 1.30301 0.837017 0.0016785
pot grasp_0 7.74829 0.406115 2233.05 0.207887 -0.202203 0.507261 7.62497 -0.297653 -0.3619430.0141642 -0.0119783 0.219557 0.0175788 0 0 0 0.0705179 0.0466395 0 0 0 0 0.000182802 0.89998 1.47943e-07 -0.523618 -4.66591e-05 0.785776 0.785425 -0.523627 -1.69499e-05 0.786009 0.784882 -0.336383 -4.0871e-05 0.773179 0.78543 0.0123751 -8.59783e-05 0.785452 0.785435 0.000689405 0.0565833 0.632784 -1.05104 10.5153 -6.73289 1.30301 0.837017 0.0016785
pot grasp_0 27.6207 0.353518 1942.2 0.268132 -0.175686 0.514571 9.24974 -1.5342 -1.158440.0141631 -0.0119972 0.219336 0.0175786 0 0 0 0.0704616 0.046704 0 0 0 0 0.000182885 0.899979 1.35965e-07 -0.523622 -6.36989e-05 0.785579 0.785433 -0.523633 -9.03663e-05 0.785399 0.78545 -0.333777 -4.45269e-05 0.77268 0.78543 0.013349 -7.60673e-05 0.786659 0.784487 0.000637118 0.0590676 0.634108 -18.7106 14.1816 -23.9946 5.78077 11.4546 0.0032638
pot grasp_0 27.6207 0.353518 1942.2 0.268132 -0.175686 0.514571 9.24974 -1.5342 -1.158440.0141631 -0.0119972 0.219336 0.0175786 0 0 0 0.0704616 0.046704 0 0 0 0 0.000182885 0.899979 1.35965e-07 -0.523622 -6.36989e-05 0.785579 0.785433 -0.523633 -9.03663e-05 0.785399 0.78545 -0.333777 -4.45269e-05 0.77268 0.78543 0.013349 -7.60673e-05 0.786659 0.784487 0.000637118 0.0590676 0.634108 -18.7106 14.1816 -23.9946 5.78077 11.4546 0.0032638
pot grasp_0 22.5001 0.373255 2047.9 0.278293 -0.175547 0.494744 2.09879 -6.88138 -2.875020.0141639 -0.0119772 0.219495 0.0175788 0 0 0 0.0705021 0.0466577 0 0 0 0 0.000182825 0.899979 1.65582e-07 -0.523624 -6.54063e-05 0.785873 0.785474 -0.523631 -5.52889e-05 0.786011 0.784933 -0.334614 -4.76329e-05 0.770543 0.78543 0.0101999 -3.16298e-06 0.787022 0.785023 0.000689802 0.0607684 0.634196 -25.4638 14.6851 -20.532 7.21669 15.2141 -0.00203734
pot grasp_0 22.5001 0.373255 2047.9 0.278293 -0.175547 0.494744 2.09879 -6.88138 -2.875020.0141639 -0.0119772 0.219495 0.0175788 0 0 0 0.0705021 0.0466577 0 0 0 0 0.000182825 0.899979 1.65582e-07 -0.523624 -6.54063e-05 0.785873 0.785474 -0.523631 -5.52889e-05 0.786011 0.784933 -0.334614 -4.76329e-05 0.770543 0.78543 0.0101999 -3.16298e-06 0.787022 0.785023 0.000689802 0.0607684 0.634196 -25.4638 14.6851 -20.532 7.21669 15.2141 -0.00203734
pot grasp_0 8.21709 0.453587 2495.54 0.219942 -0.152352 0.501797 12.0764 0.749686 -0.8136080.014165 -0.0119814 0.219716 0.017579 0 0 0 0.0705584 0.0465931 0 0 0 0 0.000182742 0.899979 1.6834e-07 -0.523614 -8.36542e-05 0.785633 0.785382 -0.523623 -9.84171e-05 0.785422 0.785419 -0.329993 3.40308e-05 0.773971 0.78543 0.013607 -9.71405e-05 0.78545 0.785394 -0.000641472 0.0638989 0.632793 -5.80758 11.7329 -9.49781 1.44132 1.24044 0.0035292
pot grasp_0 8.21709 0.453587 2495.54 0.219942 -0.152352 0.501797 12.0764 0.749686 -0.8136080.014165 -0.0119814 0.219716 0.017579 0 0 0 0.0705584 0.0465931 0 0 0 0 0.000182742 0.899979 1.6834e-07 -0.523614 -8.36542e-05 0.785633 0.785382 -0.523623 -9.84171e-05 0.785422 0.785419 -0.329993 3.40308e-05 0.773971 0.78543 0.013607 -9.71405e-05 0.78545 0.785394 -0.000641472 0.0638989 0.632793 -5.80758 11.7329 -9.49781 1.44132 1.24044 0.0035292
pot grasp_0 24.8085 0.421288 2304.56 0.238601 -0.140632 0.507666 9.46711 2.37657 -1.221990.0141654 -0.0119831 0.219805 0.0175791 0 0 0 0.0705809 0.0465673 0 0 0 0 0.000182709 0.89998 2.84098e-07 -0.523623 -6.19724e-05 0.785407 0.785409 -0.523631 -5.25502e-05 0.785403 0.785457 -0.32814 -3.99023e-05 0.772049 0.78543 0.0137234 -3.07892e-05 0.785409 0.785491 0.000612464 0.0658528 0.634085 -14.6083 15.0318 -24.5687 5.86864 11.0963 0.0107163
pot grasp_0 24.8085 0.421288 2304.56 0.238601 -0.140632 0.507666 9.46711 2.37657 -1.221990.0141654 -0.0119831 0.219805 0.0175791 0 0 0 0.0705809 0.0465673 0 0 0 0 0.000182709 0.89998 2.84098e-07 -0.523623 -6.19724e-05 0.785407 0.785409 -0.523631 -5.25502e-05 0.785403 0.785457 -0.32814 -3.99023e-05 0.772049 0.78543 0.0137234 -3.07892e-05 0.785409 0.785491 0.000612464 0.0658528 0.634085 -14.6083 15.0318 -24.5687 5.86864 11.0963 0.0107163
