mug  grasp_0 data  
% [object, grasp_type, weight, mass, density, cx, cy, cz, gx, gy, gz, x_0, y_0, z_0, r_1, h, w, de, r_2, r_3, a, b, c, d, v, left_hand_synergy_joint,  sinergy_joint_error, left_hand_index_abd_joint, left_hand_index_inner_joint, left_hand_index_middle_joint,  left_hand_index_outer_joint,  left_hand_little_abd_joint, left_hand_little_inner_joint,  left_hand_little_middle_joint,  left_hand_little_outer_joint,  left_hand_middle_abd_joint, left_hand_middle_inner_joint,  left_hand_middle_middle_joint,  left_hand_middle_outer_joint,  left_hand_ring_abd_joint, left_hand_ring_inner_joint,  left_hand_ring_middle_joint,  left_hand_ring_outer_joint , left_hand_thumb_abd_joint, left_hand_thumb_inner_joint,  left_hand_thumb_outer_joint, fx, fy, fz, tx, ty, tz]
mug grasp_0 26.208 0.656635 2026.97 0.741643 -0.409539 1.01589 -0.554223 -7.38447 -2.58550.0207002 -0.00246562 0.216031 0.0246251 0.100406 0 0 0.0416051 0 0 0 0 0 0.000324062 0.900013 1.15452e-07 0.512854 -2.0926e-05 0.785406 0.194173 0.0548988 0.0138089 0.61522 0.609838 0.0800104 0.5156 0.785464 0.785627 0.0165318 0.0109365 0.785408 0.514318 0.727249 0.085538 0.78541 -18.1157 17.8465 -22.1641 6.40495 12.3703 0.0111152
mug grasp_0 26.208 0.656635 2026.97 0.741643 -0.409539 1.01589 -0.554223 -7.38447 -2.58550.0207002 -0.00246562 0.216031 0.0246251 0.100406 0 0 0.0416051 0 0 0 0 0 0.000324062 0.900013 1.15452e-07 0.512854 -2.0926e-05 0.785406 0.194173 0.0548988 0.0138089 0.61522 0.609838 0.0800104 0.5156 0.785464 0.785627 0.0165318 0.0109365 0.785408 0.514318 0.727249 0.085538 0.78541 -18.1157 17.8465 -22.1641 6.40495 12.3703 0.0111152
mug grasp_0 6.38748 0.192716 551.886 -0.208544 0.0178266 0.0462462 -0.173698 -8.34572 -2.437010.021298 -0.00420703 0.218404 0.0252332 0.0996119 0 0 0.0443015 0 0 0 0 0 0.000350127 0.899974 6.01465e-08 0.523649 0.00658095 0.754514 0.330718 -0.0406108 0.055251 0.610145 0.6101 -0.106312 -2.64798e-05 0.785384 0.785907 -0.05858 0.0271343 0.785402 0.640924 0.739857 0.000459858 0.786432 12.4505 2.0237 -3.70902 -0.0483838 -1.45086 0.00548266
mug grasp_0 6.38748 0.192716 551.886 -0.208544 0.0178266 0.0462462 -0.173698 -8.34572 -2.437010.021298 -0.00420703 0.218404 0.0252332 0.0996119 0 0 0.0443015 0 0 0 0 0 0.000350127 0.899974 6.01465e-08 0.523649 0.00658095 0.754514 0.330718 -0.0406108 0.055251 0.610145 0.6101 -0.106312 -2.64798e-05 0.785384 0.785907 -0.05858 0.0271343 0.785402 0.640924 0.739857 0.000459858 0.786432 12.4505 2.0237 -3.70902 -0.0483838 -1.45086 0.00548266
mug grasp_0 14.0205 0.658348 1900.2 -0.0292992 -0.0631817 0.0517366 5.31687 -10.3773 -9.656620.0222044 -0.00634836 0.217139 0.0263674 0.0956549 0 0 0.0439145 0 0 0 0 0 0.000347122 0.900046 5.34221e-08 0.523639 0.0278363 0.746358 0.307716 -0.170009 0.0913969 0.613178 0.612756 -0.340902 -1.22112e-05 0.785552 0.785757 -0.166511 2.19666e-05 0.785867 0.785444 0.797707 0.000987898 0.785602 17.2701 14.9788 -14.7777 1.42002 -1.3268 -0.00149027
mug grasp_0 14.0205 0.658348 1900.2 -0.0292992 -0.0631817 0.0517366 5.31687 -10.3773 -9.656620.0222044 -0.00634836 0.217139 0.0263674 0.0956549 0 0 0.0439145 0 0 0 0 0 0.000347122 0.900046 5.34221e-08 0.523639 0.0278363 0.746358 0.307716 -0.170009 0.0913969 0.613178 0.612756 -0.340902 -1.22112e-05 0.785552 0.785757 -0.166511 2.19666e-05 0.785867 0.785444 0.797707 0.000987898 0.785602 17.2701 14.9788 -14.7777 1.42002 -1.3268 -0.00149027
mug grasp_0 18.3261 1.03016 3032.71 0.00347321 -0.041601 0.183128 -1.03632 -7.58706 -1.706580.0217867 -0.00732418 0.216358 0.0258364 0.096385 0 0 0.0434818 0 0 0 0 0 0.000339504 0.899923 2.46057e-08 0.523626 0.107881 0.580804 0.554923 -0.212557 0.152583 0.616878 0.61367 -0.442184 -1.80287e-05 0.785452 0.785496 -0.222094 -2.65174e-05 0.785875 0.785728 0.778164 0.000992127 0.785649 13.057 12.789 -35.6396 1.70562 0.100149 0.0035709
mug grasp_0 18.3261 1.03016 3032.71 0.00347321 -0.041601 0.183128 -1.03632 -7.58706 -1.706580.0217867 -0.00732418 0.216358 0.0258364 0.096385 0 0 0.0434818 0 0 0 0 0 0.000339504 0.899923 2.46057e-08 0.523626 0.107881 0.580804 0.554923 -0.212557 0.152583 0.616878 0.61367 -0.442184 -1.80287e-05 0.785452 0.785496 -0.222094 -2.65174e-05 0.785875 0.785728 0.778164 0.000992127 0.785649 13.057 12.789 -35.6396 1.70562 0.100149 0.0035709
mug grasp_0 1.03221 0.74843 2205.65 -0.0144724 0.0212683 0.138779 -1.93689 -8.759 1.14150.0331668 -0.0130315 0.211236 0.0477506 0 0 0 0 0 0 0 0 0 0.0003392 0.900038 1.30397e-07 0.523663 0.00488 0.785397 0.143499 -0.523482 0.0059024 0.785412 0.619416 -0.523619 -1.99115e-05 0.786065 0.785392 -0.523617 4.04836e-05 0.786032 0.785901 0.815064 0.00108823 0.786022 10.4124 7.76979 -0.395157 1.21784 0.262594 0.00504591
mug grasp_0 1.03221 0.74843 2205.65 -0.0144724 0.0212683 0.138779 -1.93689 -8.759 1.14150.0331668 -0.0130315 0.211236 0.0477506 0 0 0 0 0 0 0 0 0 0.0003392 0.900038 1.30397e-07 0.523663 0.00488 0.785397 0.143499 -0.523482 0.0059024 0.785412 0.619416 -0.523619 -1.99115e-05 0.786065 0.785392 -0.523617 4.04836e-05 0.786032 0.785901 0.815064 0.00108823 0.786022 10.4124 7.76979 -0.395157 1.21784 0.262594 0.00504591
mug grasp_0 27.9446 2.79201 11228.5 0.0254568 0.0137777 0.0699216 -0.845916 -10.3152 -2.364940.0202366 -0.00962377 0.21703 0.0241129 0 0 0 0.0706223 0.0469915 0 0 0 0 0.000251127 0.899945 -5.51483e-09 -0.058859 0.179065 0.60658 0.617002 -0.046145 0.182986 0.656374 0.664916 -0.0520844 0.185297 0.59562 0.605644 -0.0488625 0.185035 0.596011 0.606156 0.131362 0.0354102 0.601307 -18.6576 -28.3865 -9.65193 -1.96464 3.51138 0.00333299
mug grasp_0 27.9446 2.79201 11228.5 0.0254568 0.0137777 0.0699216 -0.845916 -10.3152 -2.364940.0202366 -0.00962377 0.21703 0.0241129 0 0 0 0.0706223 0.0469915 0 0 0 0 0.000251127 0.899945 -5.51483e-09 -0.058859 0.179065 0.60658 0.617002 -0.046145 0.182986 0.656374 0.664916 -0.0520844 0.185297 0.59562 0.605644 -0.0488625 0.185035 0.596011 0.606156 0.131362 0.0354102 0.601307 -18.6576 -28.3865 -9.65193 -1.96464 3.51138 0.00333299
mug grasp_0 -1.25538 0.373815 1280.33 0.137285 -0.0897319 0.355958 -0.328226 -9.98939 -2.353380.0205765 -0.0183112 0.218774 0.0245 0 0 0 0.0793763 0.0449586 0 0 0 0 0.000286131 0.900042 7.76594e-09 0.159392 -3.31725e-05 0.785404 0.0326386 0.000150295 0.201811 0.602142 0.602651 -0.0605117 0.229409 0.507005 0.785583 -0.00248903 0.203265 0.602005 0.602632 0.484262 0.000475563 0.467738 -2.12231 1.30824 -5.88451 1.23329 2.68294 0.00687781
mug grasp_0 -1.25538 0.373815 1280.33 0.137285 -0.0897319 0.355958 -0.328226 -9.98939 -2.353380.0205765 -0.0183112 0.218774 0.0245 0 0 0 0.0793763 0.0449586 0 0 0 0 0.000286131 0.900042 7.76594e-09 0.159392 -3.31725e-05 0.785404 0.0326386 0.000150295 0.201811 0.602142 0.602651 -0.0605117 0.229409 0.507005 0.785583 -0.00248903 0.203265 0.602005 0.602632 0.484262 0.000475563 0.467738 -2.12231 1.30824 -5.88451 1.23329 2.68294 0.00687781
mug grasp_0 4.69825 0.711249 2099.91 0.0928202 -0.156259 0.311199 -1.00127 -0.627606 13.86730.019552 -0.00486532 0.218043 0.0232004 0.10854 0 0 0.0410545 1.85264e-08 0 0 0 0 0.000310129 0.900042 3.33992e-08 0.308527 -3.11609e-05 0.772423 0.199523 0.0294054 0.208628 0.612835 0.611767 -0.0929283 0.304336 0.785398 0.785515 0.0293928 0.2033 0.662704 0.578465 0.6256 0.051012 0.526333 3.52893 10.9475 -18.4384 1.00484 -0.0830176 0.00034065
mug grasp_0 4.69825 0.711249 2099.91 0.0928202 -0.156259 0.311199 -1.00127 -0.627606 13.86730.019552 -0.00486532 0.218043 0.0232004 0.10854 0 0 0.0410545 1.85264e-08 0 0 0 0 0.000310129 0.900042 3.33992e-08 0.308527 -3.11609e-05 0.772423 0.199523 0.0294054 0.208628 0.612835 0.611767 -0.0929283 0.304336 0.785398 0.785515 0.0293928 0.2033 0.662704 0.578465 0.6256 0.051012 0.526333 3.52893 10.9475 -18.4384 1.00484 -0.0830176 0.00034065
mug grasp_0 4.90023 0.665932 2044.14 0.0763161 -0.198799 0.274314 0.906659 0.33769 8.99980.0209042 -0.00426152 0.218618 0.0235092 0.108019 0 0 0.0416563 1.03881e-14 0 0 0 0 0.000326352 0.900042 2.37667e-08 0.358758 0.000263217 0.771362 0.218278 0.0498577 0.200135 0.613775 0.611459 -0.0752773 0.356468 0.462066 0.785458 0.0518097 0.190277 0.694119 0.615951 0.649406 0.0876627 0.514804 -0.314554 11.8689 -3.24308 0.925749 0.143759 -0.00146256
mug grasp_0 4.90023 0.665932 2044.14 0.0763161 -0.198799 0.274314 0.906659 0.33769 8.99980.0209042 -0.00426152 0.218618 0.0235092 0.108019 0 0 0.0416563 1.03881e-14 0 0 0 0 0.000326352 0.900042 2.37667e-08 0.358758 0.000263217 0.771362 0.218278 0.0498577 0.200135 0.613775 0.611459 -0.0752773 0.356468 0.462066 0.785458 0.0518097 0.190277 0.694119 0.615951 0.649406 0.0876627 0.514804 -0.314554 11.8689 -3.24308 0.925749 0.143759 -0.00146256
mug grasp_0 6.3749 0.704585 2279.94 0.0507338 -0.203075 0.236816 1.20616 0.304314 9.084820.0208948 -0.0038637 0.21804 0.0234696 0.103385 0 0 0.0402499 8.27855e-21 0 0 0 0 0.000314306 0.900042 5.29426e-08 0.387172 -2.44121e-05 0.782726 0.30943 0.0596272 0.196508 0.614455 0.611816 -0.0692745 0.389779 0.502295 0.785798 0.062609 0.184352 0.709174 0.618635 0.658784 0.105652 0.537881 -0.727161 15.9333 -4.93317 1.26048 0.235256 -0.00384463
mug grasp_0 6.3749 0.704585 2279.94 0.0507338 -0.203075 0.236816 1.20616 0.304314 9.084820.0208948 -0.0038637 0.21804 0.0234696 0.103385 0 0 0.0402499 8.27855e-21 0 0 0 0 0.000314306 0.900042 5.29426e-08 0.387172 -2.44121e-05 0.782726 0.30943 0.0596272 0.196508 0.614455 0.611816 -0.0692745 0.389779 0.502295 0.785798 0.062609 0.184352 0.709174 0.618635 0.658784 0.105652 0.537881 -0.727161 15.9333 -4.93317 1.26048 0.235256 -0.00384463
mug grasp_0 47.4487 1.06003 3176.53 0.124997 -0.124958 0.0662115 7.81746 3.92526 -0.9022210.020299 -0.00283834 0.211259 0.024086 0.0969095 0 0 0.0409305 2.74758e-27 0 0 0 0 0.000317709 0.900042 4.6484e-08 0.430445 -1.80148e-05 0.672309 0.545851 0.0760613 0.171716 0.616305 0.612505 -0.0399536 0.449807 0.785406 0.785701 0.0812657 0.150225 0.785473 0.619788 0.74952 0.120675 0.651742 -9.6567 24.8217 -64.7896 5.47362 8.06004 -0.00430791
mug grasp_0 47.4487 1.06003 3176.53 0.124997 -0.124958 0.0662115 7.81746 3.92526 -0.9022210.020299 -0.00283834 0.211259 0.024086 0.0969095 0 0 0.0409305 2.74758e-27 0 0 0 0 0.000317709 0.900042 4.6484e-08 0.430445 -1.80148e-05 0.672309 0.545851 0.0760613 0.171716 0.616305 0.612505 -0.0399536 0.449807 0.785406 0.785701 0.0812657 0.150225 0.785473 0.619788 0.74952 0.120675 0.651742 -9.6567 24.8217 -64.7896 5.47362 8.06004 -0.00430791
mug grasp_0 28.9079 0.972065 2754.53 0.251632 -0.18532 0.142566 -1.13413 -8.92645 -2.963590.0230833 -0.00212914 0.21646 0.0273252 0.0940701 0 0 0.0418995 1.38402e-33 0 0 0 0 0.000344256 0.900042 9.28191e-08 0.47136 3.95392e-05 0.749428 0.370844 0.0807865 0.154107 0.617144 0.612197 -0.0290484 0.462304 0.785399 0.785495 0.0920292 0.111853 0.785398 0.707942 0.876792 0.10992 0.65357 -19.6275 11.2086 -16.2513 5.99302 12.5205 -0.0229285
mug grasp_0 28.9079 0.972065 2754.53 0.251632 -0.18532 0.142566 -1.13413 -8.92645 -2.963590.0230833 -0.00212914 0.21646 0.0273252 0.0940701 0 0 0.0418995 1.38402e-33 0 0 0 0 0.000344256 0.900042 9.28191e-08 0.47136 3.95392e-05 0.749428 0.370844 0.0807865 0.154107 0.617144 0.612197 -0.0290484 0.462304 0.785399 0.785495 0.0920292 0.111853 0.785398 0.707942 0.876792 0.10992 0.65357 -19.6275 11.2086 -16.2513 5.99302 12.5205 -0.0229285
mug grasp_0 8.03381 1.01897 3160.08 0.231704 -0.155832 0.187493 10.0314 -1.06158 1.549550.0226584 -0.00120757 0.210846 0.0263227 0.0937053 0 0 0.0406391 4.51292e-40 0 0 0 0 0.000316918 0.900041 2.40648e-07 0.523646 -4.69234e-05 0.785425 0.259933 0.101575 0.11293 0.614344 0.611516 0.0130839 0.466271 0.76271 0.785431 0.120899 0.0548929 0.785401 0.693622 0.877215 0.16653 0.785831 1.91672 27.3702 -16.6613 2.93375 0.462395 -0.00144653
mug grasp_0 8.03381 1.01897 3160.08 0.231704 -0.155832 0.187493 10.0314 -1.06158 1.549550.0226584 -0.00120757 0.210846 0.0263227 0.0937053 0 0 0.0406391 4.51292e-40 0 0 0 0 0.000316918 0.900041 2.40648e-07 0.523646 -4.69234e-05 0.785425 0.259933 0.101575 0.11293 0.614344 0.611516 0.0130839 0.466271 0.76271 0.785431 0.120899 0.0548929 0.785401 0.693622 0.877215 0.16653 0.785831 1.91672 27.3702 -16.6613 2.93375 0.462395 -0.00144653
mug grasp_0 7.99019 0.509022 1110.81 0.0241452 -0.023195 0.13548 9.88042 1.70593 -1.483480.0138274 0.00495273 0.249627 0 0.0945148 0.123638 0.0390323 0 0 5.37405e+13 0.222768 0.222768 1.53186e+06 0.000448453 0.698901 4.24982e-05 -0.0645622 0.211854 0.785399 -0.000188417 -0.0483874 0.253306 0.221689 0.222556 -0.052057 0.254958 0.221562 0.222488 -0.0502133 0.254205 0.221624 0.222518 0.190673 0.000522234 0.211357 3.32319 1.61085 -10.207 0.730119 0.881298 -0.000435587
mug grasp_0 7.99019 0.509022 1110.81 0.0241452 -0.023195 0.13548 9.88042 1.70593 -1.483480.0138274 0.00495273 0.249627 0 0.0945148 0.123638 0.0390323 0 0 5.37405e+13 0.222768 0.222768 1.53186e+06 0.000448453 0.698901 4.24982e-05 -0.0645622 0.211854 0.785399 -0.000188417 -0.0483874 0.253306 0.221689 0.222556 -0.052057 0.254958 0.221562 0.222488 -0.0502133 0.254205 0.221624 0.222518 0.190673 0.000522234 0.211357 3.32319 1.61085 -10.207 0.730119 0.881298 -0.000435587
mug grasp_0 3.6357 0.99761 3442.83 0.103925 -0.0949095 0.0122793 0.503684 -1.09174 9.24210.0234316 -0.0141803 0.216656 0.028543 5.44645e-08 7.12471e-08 2.24925e-08 0.0630374 0.0490934 3.09681e+07 1.28371e-07 1.28371e-07 0.882739 0.000281561 0.900029 6.07393e-08 -0.0704381 0.0186802 0.78541 0.275344 -0.0226683 0.294338 0.61499 0.613761 -0.00825193 0.346584 0.285667 0.544322 -0.0182775 0.25284 0.785399 0.589096 0.246455 0.059327 0.614163 -11.4635 1.92328 2.49595 -0.0935526 1.14911 -0.000923558
mug grasp_0 3.6357 0.99761 3442.83 0.103925 -0.0949095 0.0122793 0.503684 -1.09174 9.24210.0234316 -0.0141803 0.216656 0.028543 5.44645e-08 7.12471e-08 2.24925e-08 0.0630374 0.0490934 3.09681e+07 1.28371e-07 1.28371e-07 0.882739 0.000281561 0.900029 6.07393e-08 -0.0704381 0.0186802 0.78541 0.275344 -0.0226683 0.294338 0.61499 0.613761 -0.00825193 0.346584 0.285667 0.544322 -0.0182775 0.25284 0.785399 0.589096 0.246455 0.059327 0.614163 -11.4635 1.92328 2.49595 -0.0935526 1.14911 -0.000923558
mug grasp_0 17.6934 1.24533 4102.1 0.121855 -0.0565652 0.0939935 0.32929 -1.00046 9.811950.0236776 -0.0140794 0.217069 0.0304992 2.48034e-14 3.24462e-14 1.02432e-14 0.0626094 0.0487537 14.103 5.84606e-14 5.84606e-14 4.02003e-07 0.000300609 0.90003 -1.97353e-07 -0.0682551 0.00325108 0.785399 0.357829 -0.020392 0.299867 0.615196 0.613904 -0.00818895 0.361553 0.267931 0.495013 -0.0162314 0.252734 0.785399 0.579186 0.25684 0.0627401 0.614443 -22.1107 -0.487734 2.04692 -0.389232 2.04159 -0.00121941
mug grasp_0 17.6934 1.24533 4102.1 0.121855 -0.0565652 0.0939935 0.32929 -1.00046 9.811950.0236776 -0.0140794 0.217069 0.0304992 2.48034e-14 3.24462e-14 1.02432e-14 0.0626094 0.0487537 14.103 5.84606e-14 5.84606e-14 4.02003e-07 0.000300609 0.90003 -1.97353e-07 -0.0682551 0.00325108 0.785399 0.357829 -0.020392 0.299867 0.615196 0.613904 -0.00818895 0.361553 0.267931 0.495013 -0.0162314 0.252734 0.785399 0.579186 0.25684 0.0627401 0.614443 -22.1107 -0.487734 2.04692 -0.389232 2.04159 -0.00121941
mug grasp_0 15.3205 1.1613 4995.26 0.0577271 -0.0837958 0.00491088 9.77067 0.912041 -1.368530.0199844 -0.0124974 0.217929 0.0256087 1.73037e-20 2.26356e-20 7.14601e-21 0.0646643 0.045945 9.83876e-06 4.07842e-20 4.07842e-20 2.80451e-13 0.000235316 0.900029 8.57524e-08 -0.0806989 0.00381904 0.774661 0.785401 -0.00915408 0.31279 0.611844 0.610565 0.0279715 0.409164 0.396283 0.785433 -0.00381377 0.247886 0.785402 0.601971 0.190703 0.113872 0.785411 -7.16443 9.87874 -11.3774 1.47342 1.92788 0.00163862
mug grasp_0 15.3205 1.1613 4995.26 0.0577271 -0.0837958 0.00491088 9.77067 0.912041 -1.368530.0199844 -0.0124974 0.217929 0.0256087 1.73037e-20 2.26356e-20 7.14601e-21 0.0646643 0.045945 9.83876e-06 4.07842e-20 4.07842e-20 2.80451e-13 0.000235316 0.900029 8.57524e-08 -0.0806989 0.00381904 0.774661 0.785401 -0.00915408 0.31279 0.611844 0.610565 0.0279715 0.409164 0.396283 0.785433 -0.00381377 0.247886 0.785402 0.601971 0.190703 0.113872 0.785411 -7.16443 9.87874 -11.3774 1.47342 1.92788 0.00163862
mug grasp_0 18.1163 0.792012 3738.7 0.169227 -0.141414 0.0283044 0.350378 -9.81759 -2.48550.0174568 -0.00903198 0.218099 0.0211356 9.45451e-27 1.23678e-26 3.90449e-27 0.0717772 0.0436719 5.37577e-12 2.22839e-26 2.22839e-26 1.53235e-19 0.00021299 0.900029 1.29932e-08 -0.0799861 -5.11639e-06 0.785602 0.785416 -0.0145711 0.311231 0.606109 0.604085 0.0624315 0.433953 0.770663 0.785418 -0.00970259 0.236048 0.773188 0.615092 0.149278 0.0857142 0.785628 -15.3059 11.649 -13.6747 3.85791 7.418 -0.00720916
mug grasp_0 18.1163 0.792012 3738.7 0.169227 -0.141414 0.0283044 0.350378 -9.81759 -2.48550.0174568 -0.00903198 0.218099 0.0211356 9.45451e-27 1.23678e-26 3.90449e-27 0.0717772 0.0436719 5.37577e-12 2.22839e-26 2.22839e-26 1.53235e-19 0.00021299 0.900029 1.29932e-08 -0.0799861 -5.11639e-06 0.785602 0.785416 -0.0145711 0.311231 0.606109 0.604085 0.0624315 0.433953 0.770663 0.785418 -0.00970259 0.236048 0.773188 0.615092 0.149278 0.0857142 0.785628 -15.3059 11.649 -13.6747 3.85791 7.418 -0.00720916
