mug grasp_0 -1.15619 0.161696 602.383 -0.106655 -0.442342 1.12492 7.8315 -1.15618 1.160740.0136715 -0.00918474 0.229251 0.0150688 0.12251 0 0 0.0462514 0 0 0 0 0 0.000267265 0.250075 1.22864e-08 -0.118314 -2.68837e-05 0.785404 0.785478 -0.0402175 0.0561776 0.126041 0.125272 -0.112578 0.0255885 0.732827 0.785403 -0.0820098 0.0709711 0.128382 0.177985 0.18914 0.00575466 0.125552 10.8029 -0.891129 1.93824 0.210177 -0.694936 0.00214753
  9.88242 0.2386 953.677 0.360223 -0.206596 0.83372 -0.0095196 -10.1616 -2.521660.0192722 -0.00554131 0.217075 0.0226553 0 0 0 0.0770901 0.0457941 0 0 0 0 0.00025059 0.899929 2.80496e-08 0.136562 0.0779941 0.785847 0.263147 0.133332 0.143346 0.606345 0.60569 0.0140695 0.184031 0.68124 0.776265 0.101148 0.170879 0.605087 0.642523 0.189174 0.0458909 0.608362 0.664922 8.10231 -14.1404 2.36445 3.5477 0.00748693
  9.23034 0.0820285 346.132 0.132811 -0.336623 1.01925 -1.066 -8.34219 -2.623850.0185916 -0.0129438 0.217887 0.022909 0 0 0 0.0740687 0.0446743 0 0 0 0 0.000236559 0.899916 2.47933e-08 0.0938471 -2.30359e-05 0.786039 0.785388 0.0998506 0.205286 0.681894 0.609312 -0.0291127 0.156207 0.785489 0.154797 -0.0223754 0.228078 0.785497 0.583987 0.295135 0.0435407 0.590307 14.5484 1.86795 -8.61615 0.903498 0.433119 -0.000350673
  6.83671 0.283184 1286.96 0.791099 -0.840148 0.395777 1.02713 -1.51737 9.014540.0171611 -0.00615109 0.218232 0.0199314 0 0 0 0.0777639 0.0461073 0 0 0 0 0.000215974 0.899952 -1.94563e-07 -0.114067 -8.82711e-06 0.751594 0.785701 0.000932663 0.207963 0.611586 0.608207 0.382569 0.508916 0.735088 0.785418 0.038026 0.128254 0.695504 0.700945 0.129537 0.0534021 0.785442 -6.87103 -10.5451 3.05048 -1.07969 0.987743 0.00209042
jug grasp_0 32.0143 1.14986 4579.46 0.0697948 -0.0796084 0.0698016 -7.06371 -0.883121 2.557430.0150271 -0.0155889 0.226964 0.0175802 0 0 0 0.0795085 0.0572054 0 0 0 0 0.000252915 0.00701408 0.000138496 -0.194081 -8.25692e-06 0.0659068 0.0690876 -0.179523 -2.66413e-05 0.782083 -2.96879e-05 -0.522361 -2.91729e-06 0.180157 0.270785 -0.523625 0.000122863 0.683827 0.785419 0.0659136 0.0358082 0.0687474 17.6093 12.5995 -25.9246 4.99862 6.74544 0.0130384
  85.6896 2.23269 10176.3 0.0883763 -0.0799346 0.258847 -2.26647 -9.25394 -2.174880.0157759 -0.0104683 0.218924 0.0195239 0 0 0 0.0782195 0.0461873 0 0 0 0 0.000215819 0.899943 3.02771e-07 -0.355651 -1.08432e-05 0.551547 0.608755 -0.229541 3.92928e-05 0.78557 -0.000492649 -0.523628 -8.96539e-05 0.782094 0.785408 -0.523626 0.000124223 0.748552 0.785419 0.0750164 0.0364094 0.611095 53.4151 18.1927 -43.2164 8.25265 9.64883 0.0108903
  64.0006 2.05282 9232.42 0.0776558 -0.0620239 0.249449 20.0288 -6.36445 -7.941990.0157637 -0.00897654 0.218911 0.0195078 0 0 0 0.0781534 0.0467247 0 0 0 0 0.000216115 0.899976 2.76137e-07 -0.306097 -1.7748e-05 0.548379 0.612366 -0.184784 -4.18832e-05 0.785535 -2.39856e-05 -0.523625 8.19152e-05 0.785421 0.785409 -0.523626 0.000124825 0.748726 0.785419 0.0745397 0.067751 0.613987 48.1162 14.5698 -42.4475 7.84996 9.97094 0.00486083
  57.2693 0.387137 1763.61 1.00453 -0.156365 0.316227 -10.5423 -2.32944 13.39230.0158966 -0.00913442 0.222259 0.0195168 0 0 0 0.0781862 0.0467719 0 0 0 0 0.000222466 0.90001 -1.40025e-07 -0.274682 2.86771e-06 0.56207 0.615737 -0.184602 -3.2716e-05 0.78542 -0.00024793 -0.523629 -6.78975e-05 0.785166 0.7854 -0.523636 9.27151e-05 0.735479 0.785401 0.0732326 0.0477188 0.615201 65.5581 -6.89539 -3.11069 -0.597967 -4.71203 -0.000284133
  57.1974 2.68067 11537.9 0.0171119 -0.0106632 0.495157 -9.00105 -3.53378 -0.2393880.015618 -0.00593959 0.219408 0.0181024 0 0 0 0.0795913 0.0476714 0 0 0 0 0.000223917 0.899972 2.98916e-07 -0.0506294 0.00691096 0.663398 0.785432 -0.0432117 0.0201208 0.552258 0.785411 -0.0587942 0.00492379 0.705735 0.785478 -0.0667177 0.00962397 0.619637 0.785512 0.0496087 0.000943271 0.590547 13.2638 28.2635 -57.1469 11.8345 18.9769 0.00410741
  72.3297 1.81792 8255.3 0.512251 -0.00443865 0.58061 -8.04968 -4.00785 17.91870.0150889 -0.00403067 0.219232 0.0176587 0 0 0 0.079731 0.0475114 0 0 0 0 0.000215772 0.899972 -9.73065e-08 -0.134445 -2.64788e-05 0.785613 0.785494 -0.0141809 -3.38259e-05 0.543411 0.785577 -0.136385 2.56408e-05 0.688537 0.785466 -0.113532 -4.59557e-05 0.754401 0.785761 0.0620333 0.0150356 0.600375 46.514 10.9825 -9.28101 1.24442 -3.20272 -0.00236163
